#TICID  tstart  tend  ED  Amplitude  Ebol Cadence
420130591 2635.791 2635.803 45.045 0.168 2.310E+32 20
420130591 2394.111 2394.119 44.977 0.201 2.306E+32 20
420130591 1820.404 1820.411 27.049 0.119 1.387E+32 120
420130591 2732.656 2732.669 23.858 0.068 1.223E+32 20
420130591 2437.652 2437.662 23.479 0.067 1.204E+32 20
420130591 1827.117 1827.124 23.419 0.069 1.201E+32 120
420130591 2414.168 2414.178 20.355 0.046 1.044E+32 20
420130591 2443.971 2443.978 19.884 0.068 1.020E+32 20
420130591 1845.360 1845.367 18.053 0.033 9.257E+31 120
420130591 1840.594 1840.601 17.048 0.049 8.742E+31 120
420130591 2396.179 2396.187 16.540 0.052 8.481E+31 20
420130591 1805.529 1805.536 16.038 0.040 8.224E+31 120
420130591 2752.709 2752.715 14.530 0.056 7.451E+31 20
420130591 2587.945 2587.949 13.903 0.073 7.129E+31 20
420130591 2618.558 2618.562 13.668 0.072 7.008E+31 20
420130591 2644.195 2644.200 13.649 0.071 6.999E+31 20
420130591 2657.681 2657.685 9.433 0.040 4.837E+31 20
420130591 2663.199 2663.206 8.957 0.026 4.593E+31 20
420130591 2423.032 2423.036 8.476 0.039 4.346E+31 20
79611981 2123.887 2123.898 9.954 0.028 5.554E+31 20
79611981 2169.191 2169.201 2.805 0.005 1.565E+31 20
79611981 2161.644 2161.644 0.376 0.007 2.100E+30 20
58998044 2523.880 2523.897 29.912 0.040 1.447E+32 20
445064836 1860.686 1860.700 33.145 0.051 1.777E+32 120
445064836 1842.523 1842.533 15.435 0.021 8.276E+31 120
445064836 1863.337 1863.344 14.015 0.052 7.515E+31 120
445064836 1854.604 1854.610 9.109 0.022 4.885E+31 120
445064836 1866.343 1866.347 8.580 0.038 4.601E+31 120
445064836 2590.336 2590.341 10.100 0.046 5.416E+31 20
471016474 2468.829 2468.840 62.259 0.220 2.507E+32 120
471016474 2467.066 2467.140 138.774 0.033 5.587E+32 120
17970570 1906.189 1906.232 763.178 1.265 2.705E+33 120
17970570 1923.490 1923.517 243.526 0.321 8.633E+32 120
17970570 1905.518 1905.532 80.304 0.143 2.847E+32 120
17970570 1922.674 1922.678 43.623 0.194 1.546E+32 120
17970570 2615.401 2615.412 119.052 0.267 4.220E+32 120
63781635 1800.434 1800.455 62.280 0.096 2.399E+32 120
63781635 1796.191 1796.201 22.435 0.039 8.641E+31 120
63781635 1799.605 1799.611 20.530 0.090 7.907E+31 120
63781635 1810.858 1810.863 15.049 0.041 5.796E+31 120
63781635 1800.026 1800.034 14.689 0.029 5.657E+31 120
104123038 2378.587 2378.593 57.209 0.197 1.784E+32 120
43213934 1953.991 1954.003 294.724 0.696 8.029E+32 120
43213934 1939.934 1939.943 76.339 0.153 2.080E+32 120
389051009 1340.238 1340.280 271.527 0.140 8.125E+32 120
389051009 1332.148 1332.177 175.131 0.224 5.241E+32 120
389051009 2080.107 2080.125 156.950 0.273 4.697E+32 20
389051009 2055.555 2055.560 39.647 0.138 1.186E+32 20
389051009 2079.681 2079.685 16.887 0.056 5.053E+31 20
389051009 2079.696 2079.700 11.662 0.043 3.490E+31 20
389051009 2080.116 2080.117 4.962 0.072 1.485E+31 20
389051009 2082.798 2082.799 10.985 0.175 3.287E+31 20
452922110 1493.927 1493.998 848.638 0.445 2.678E+33 120
452922110 1500.523 1500.530 97.460 0.267 3.075E+32 120
452922110 2231.242 2231.247 57.379 0.273 1.810E+32 120
452922110 2231.667 2231.672 46.849 0.211 1.478E+32 120
452922110 2235.470 2235.474 31.515 0.114 9.943E+31 120
117733581 1454.277 1454.291 193.225 0.798 4.017E+32 120
117733581 1463.957 1463.970 98.026 0.199 2.038E+32 120
117733581 1447.996 1448.006 84.374 0.243 1.754E+32 120
117733581 2191.015 2191.023 77.897 0.376 1.619E+32 120
117733581 1442.481 1442.495 76.642 0.144 1.593E+32 120
117733581 1448.232 1448.239 26.538 0.072 5.517E+31 120
117733581 1462.145 1462.149 20.415 0.111 4.244E+31 120
117733581 1452.741 1452.745 10.766 0.037 2.238E+31 120
29780677 1340.072 1340.138 1485.000 2.225 5.233E+33 120
29780677 2147.165 2147.208 911.463 1.663 3.212E+33 20
29780677 2094.395 2094.459 714.363 0.425 2.518E+33 20
29780677 1469.476 1469.504 392.856 0.656 1.385E+33 120
29780677 2043.011 2043.057 239.729 0.092 8.449E+32 120
29780677 1343.284 1343.312 213.449 0.168 7.522E+32 120
29780677 1484.142 1484.155 134.694 0.460 4.747E+32 120
29780677 1380.163 1380.185 133.363 0.116 4.700E+32 120
29780677 1376.024 1376.049 116.965 0.080 4.122E+32 120
29780677 1488.332 1488.359 88.211 0.065 3.109E+32 120
29780677 1643.483 1643.492 77.024 0.278 2.714E+32 120
29780677 1458.725 1458.732 73.762 0.340 2.600E+32 120
29780677 1412.975 1412.993 72.927 0.080 2.570E+32 120
29780677 2215.820 2215.831 59.902 0.108 2.111E+32 20
29780677 1509.439 1509.446 54.098 0.236 1.907E+32 120
29780677 1405.234 1405.241 53.761 0.178 1.895E+32 120
29780677 1470.166 1470.174 47.314 0.137 1.667E+32 120
29780677 1369.874 1369.881 38.144 0.184 1.344E+32 120
29780677 2049.168 2049.177 37.649 0.093 1.327E+32 120
29780677 2153.144 2153.148 34.939 0.168 1.231E+32 20
29780677 1552.086 1552.092 27.862 0.067 9.819E+31 120
29780677 1454.309 1454.315 26.929 0.101 9.490E+31 120
29780677 2177.048 2177.052 20.856 0.081 7.350E+31 20
29780677 1387.255 1387.259 20.284 0.076 7.149E+31 120
29780677 2138.813 2138.817 18.422 0.088 6.492E+31 20
29780677 2197.060 2197.064 12.640 0.046 4.455E+31 20
29780677 2189.523 2189.523 12.424 0.335 4.378E+31 20
29780677 1480.478 1480.483 11.282 0.041 3.976E+31 120
29780677 2121.595 2121.599 10.124 0.032 3.568E+31 20
29780677 2151.138 2151.139 6.787 0.107 2.392E+31 20
29780677 2139.085 2139.086 6.169 0.112 2.174E+31 20
29780677 2225.221 2225.222 5.966 0.073 2.102E+31 20
29780677 2151.109 2151.110 3.843 0.079 1.354E+31 20
49306639 1468.652 1468.675 484.918 1.408 1.666E+33 120
49306639 1473.123 1473.140 250.327 0.369 8.603E+32 120
49306639 1507.859 1507.880 109.048 0.072 3.747E+32 120
49306639 1500.157 1500.168 58.670 0.071 2.016E+32 120
49306639 1501.872 1501.876 19.916 0.082 6.844E+31 120
49306639 1470.552 1470.557 17.470 0.050 6.004E+31 120
197614720 2078.327 2078.331 25.680 0.107 6.557E+31 120
405503787 2660.546 2660.568 54.019 0.137 2.660E+32 20
405503787 1760.189 1760.204 36.263 0.044 1.786E+32 120
405503787 1725.735 1725.744 23.582 0.054 1.161E+32 120
405503787 2649.535 2649.543 12.394 0.031 6.104E+31 20
942944661 2296.796 2296.802 16.388 0.042 3.874E+31 20
942944661 2301.164 2301.171 23.065 0.056 5.452E+31 20
942944661 2296.596 2296.602 30.598 0.134 7.233E+31 20
808442168 1560.749 1560.791 1087.998 3.333 2.315E+33 120
808442168 1559.659 1559.674 76.694 0.258 1.632E+32 120
808442168 1567.188 1567.193 47.902 0.160 1.019E+32 120
808442168 1558.496 1558.500 13.444 0.057 2.861E+31 120
808442168 1588.006 1588.193 2460.884 0.465 5.236E+33 120
808442168 1571.581 1571.593 94.278 0.145 2.006E+32 120
808442168 2277.747 2277.760 48.511 0.068 1.032E+32 20
808442168 2284.712 2284.718 40.073 0.156 8.527E+31 20
808442168 2284.172 2284.174 11.646 0.100 2.478E+31 20
808442168 2317.796 2317.803 40.898 0.140 8.702E+31 20
808442168 2323.523 2323.527 13.413 0.049 2.854E+31 20
156691155 1933.675 1933.737 1172.265 0.664 3.812E+33 120
156691155 2689.905 2689.980 754.063 0.582 2.452E+33 120
156691155 2690.076 2690.096 157.481 0.373 5.121E+32 120
156691155 2672.959 2672.976 89.071 0.126 2.897E+32 120
156691155 2677.803 2677.811 72.842 0.260 2.369E+32 120
156691155 2673.983 2673.990 43.304 0.169 1.408E+32 120
156691155 2672.884 2672.891 35.121 0.122 1.142E+32 120
156691155 2690.891 2690.897 34.102 0.144 1.109E+32 120
156691155 2691.196 2691.201 26.981 0.075 8.774E+31 120
156691155 2671.289 2671.293 19.886 0.090 6.467E+31 120
219095664 1935.343 1935.352 80.232 0.187 2.087E+32 120
219095664 2617.191 2617.197 72.682 0.272 1.890E+32 120
277539431 1641.824 1641.966 2487.328 0.331 6.625E+33 120
277539431 1641.545 1641.567 200.082 0.212 5.329E+32 120
277539431 2322.632 2322.653 133.543 0.121 3.557E+32 120
277539431 1647.934 1647.943 64.620 0.098 1.721E+32 120
277539431 1641.812 1641.819 64.116 0.187 1.708E+32 120
277539431 2368.939 2368.943 35.716 0.166 9.513E+31 120
277539431 2324.938 2324.945 29.853 0.072 7.951E+31 120
277539431 2309.567 2309.571 27.769 0.161 7.396E+31 120
277539431 2315.953 2315.959 18.160 0.043 4.837E+31 120
316627328 1839.819 1839.828 191.653 0.706 7.235E+32 120
316627328 1833.579 1833.589 105.992 0.384 4.001E+32 120
316627328 1794.415 1794.425 25.212 0.043 9.518E+31 120
316627328 1823.038 1823.042 23.856 0.092 9.006E+31 120
316627328 1835.412 1835.417 19.850 0.085 7.494E+31 120
316627328 1836.214 1836.218 15.666 0.051 5.914E+31 120
316627328 1796.301 1796.307 11.095 0.029 4.188E+31 120
316627328 1797.590 1797.595 7.923 0.026 2.991E+31 120
316627328 1812.017 1812.021 6.860 0.023 2.590E+31 120
31381302 1605.354 1605.393 165.510 0.141 5.524E+32 120
31381302 1667.178 1667.192 67.326 0.205 2.247E+32 120
31381302 1355.271 1355.278 40.853 0.148 1.363E+32 120
31381302 1377.600 1377.614 37.088 0.070 1.238E+32 120
31381302 1655.304 1655.313 35.925 0.117 1.199E+32 120
31381302 1435.052 1435.062 34.263 0.098 1.143E+32 120
31381302 1578.529 1578.539 33.084 0.129 1.104E+32 120
31381302 1345.450 1345.459 29.741 0.096 9.925E+31 120
31381302 1588.860 1588.867 27.003 0.074 9.012E+31 120
31381302 1429.779 1429.783 25.109 0.147 8.380E+31 120
31381302 1335.092 1335.096 23.023 0.100 7.684E+31 120
31381302 1555.462 1555.466 22.105 0.144 7.377E+31 120
31381302 1548.554 1548.561 21.612 0.061 7.213E+31 120
31381302 1651.107 1651.111 20.536 0.089 6.853E+31 120
31381302 1463.569 1463.574 17.780 0.071 5.934E+31 120
31381302 1331.264 1331.271 17.045 0.051 5.688E+31 120
31381302 1336.134 1336.138 16.746 0.092 5.589E+31 120
31381302 1512.945 1512.949 16.560 0.085 5.527E+31 120
31381302 1605.224 1605.229 15.444 0.063 5.154E+31 120
31381302 1519.867 1519.873 14.943 0.065 4.987E+31 120
31381302 1650.256 1650.261 13.888 0.044 4.635E+31 120
31381302 1433.423 1433.427 12.444 0.049 4.153E+31 120
31381302 1456.566 1456.570 9.926 0.044 3.313E+31 120
31381302 1575.697 1575.701 9.539 0.039 3.184E+31 120
31381302 2350.914 2350.933 221.132 0.616 7.380E+32 20
31381302 2132.834 2132.865 207.991 0.214 6.941E+32 20
31381302 2373.097 2373.114 132.550 0.301 4.424E+32 20
31381302 2047.015 2047.040 73.373 0.065 2.449E+32 20
31381302 2062.779 2062.792 56.692 0.135 1.892E+32 20
31381302 2232.973 2232.991 56.275 0.085 1.878E+32 20
31381302 2248.282 2248.292 49.636 0.148 1.656E+32 20
31381302 2292.486 2292.495 47.922 0.093 1.599E+32 20
31381302 2298.399 2298.408 39.576 0.157 1.321E+32 20
31381302 2245.435 2245.448 37.139 0.083 1.239E+32 20
31381302 2059.361 2059.371 27.083 0.074 9.038E+31 20
31381302 2130.730 2130.737 23.289 0.053 7.772E+31 20
31381302 2064.835 2064.844 22.736 0.045 7.588E+31 20
31381302 2301.983 2301.991 20.947 0.084 6.991E+31 20
31381302 2063.221 2063.226 20.399 0.116 6.808E+31 20
31381302 2136.574 2136.580 19.017 0.073 6.346E+31 20
31381302 2248.785 2248.792 18.509 0.065 6.177E+31 20
31381302 2337.216 2337.222 17.852 0.048 5.958E+31 20
31381302 2098.744 2098.748 17.468 0.090 5.829E+31 20
31381302 2089.610 2089.615 16.834 0.046 5.618E+31 20
31381302 2296.412 2296.416 15.073 0.064 5.030E+31 20
31381302 2362.529 2362.533 14.472 0.065 4.830E+31 20
31381302 2138.980 2138.984 14.415 0.077 4.811E+31 20
31381302 2140.240 2140.244 14.095 0.076 4.704E+31 20
31381302 2266.448 2266.452 12.252 0.043 4.089E+31 20
31381302 2098.069 2098.073 12.144 0.045 4.053E+31 20
31381302 2337.536 2337.540 12.000 0.056 4.005E+31 20
31381302 2070.086 2070.090 10.602 0.045 3.538E+31 20
31381302 2354.417 2354.421 10.558 0.041 3.524E+31 20
31381302 2082.672 2082.676 9.788 0.044 3.267E+31 20
31381302 2247.495 2247.499 9.774 0.045 3.262E+31 20
31381302 2250.982 2250.987 8.331 0.036 2.780E+31 20
1053225430 2349.125 2349.126 4.035 0.059 1.315E+31 20
1053225430 1607.286 1607.290 5.144 0.016 1.676E+31 120
1053225430 2353.403 2353.405 5.751 0.096 1.874E+31 20
1053225430 2349.125 2349.130 8.424 0.046 2.745E+31 20
1053225430 2353.403 2353.407 8.603 0.036 2.804E+31 20
1053225430 2357.181 2357.183 11.294 0.164 3.681E+31 20
1053225430 2348.567 2348.568 11.404 0.185 3.717E+31 20
1053225430 1623.565 1623.572 11.720 0.024 3.820E+31 120
1053225430 1603.933 1603.938 12.518 0.041 4.080E+31 120
1053225430 1606.136 1606.142 14.254 0.051 4.646E+31 120
1053225430 1605.424 1605.434 15.304 0.022 4.988E+31 120
1053225430 1614.580 1614.586 17.044 0.067 5.555E+31 120
1053225430 2334.660 2334.662 18.311 0.218 5.968E+31 20
1053225430 1602.704 1602.709 20.228 0.096 6.592E+31 120
1053225430 2356.491 2356.495 30.088 0.357 9.806E+31 20
1053225430 1605.172 1605.190 50.607 0.124 1.649E+32 120
1053225430 2334.554 2334.567 63.487 0.160 2.069E+32 20
1053225430 2352.760 2352.792 386.395 1.200 1.259E+33 20
1001036250 1946.930 1946.937 378.710 1.809 8.194E+32 120
1001036250 1761.188 1761.195 211.266 0.608 4.571E+32 120
1001036250 1747.172 1747.178 102.301 0.357 2.213E+32 120
1001036250 2648.408 2648.424 396.964 1.060 8.589E+32 20
1001036250 2663.981 2663.986 154.602 0.611 3.345E+32 20
1001036250 2672.245 2672.249 59.121 0.244 1.279E+32 20
1001036250 2675.770 2675.774 49.664 0.181 1.075E+32 20
229115214 2091.400 2091.406 39.647 0.124 1.162E+32 120
469392302 1771.404 1771.410 42.298 0.133 1.411E+32 120
23997017 2344.212 2344.212 4.693 0.125 1.378E+31 20
23997017 2338.928 2338.929 5.892 0.080 1.730E+31 20
23997017 2350.036 2350.037 6.451 0.099 1.894E+31 20
23997017 2343.950 2343.951 15.242 0.186 4.476E+31 20
23997017 2350.832 2350.834 20.085 0.255 5.898E+31 20
23997017 2334.626 2334.631 29.492 0.095 8.661E+31 20
23997017 2353.537 2353.547 48.342 0.161 1.420E+32 20
23997017 2350.840 2350.855 118.958 0.239 3.493E+32 20
23997017 2350.827 2350.886 300.128 0.204 8.813E+32 20
187092382 1817.830 1817.869 411.093 0.409 1.278E+33 120
187092382 1826.480 1826.504 286.281 0.552 8.902E+32 120
187092382 1836.948 1836.956 119.096 0.470 3.704E+32 120
187092382 1819.729 1819.751 118.431 0.106 3.683E+32 120
187092382 1829.709 1829.719 114.476 0.400 3.560E+32 120
187092382 1832.116 1832.128 106.337 0.275 3.307E+32 120
187092382 1833.827 1833.831 71.157 0.332 2.213E+32 120
187092382 1820.052 1820.062 67.218 0.150 2.090E+32 120
187092382 1832.067 1832.074 37.007 0.072 1.151E+32 120
187092382 1821.091 1821.095 35.370 0.151 1.100E+32 120
187092382 1829.877 1829.881 26.544 0.131 8.254E+31 120
187092382 1820.561 1820.565 24.311 0.090 7.560E+31 120
187092382 1831.020 1831.024 22.272 0.106 6.926E+31 120
22535327 2220.525 2220.547 489.108 1.218 1.814E+33 120
22535327 2216.952 2217.012 426.048 0.271 1.580E+33 120
22535327 2237.180 2237.208 273.821 0.584 1.016E+33 120
22535327 2230.551 2230.568 234.395 0.519 8.695E+32 120
22535327 2231.793 2231.813 181.537 0.345 6.734E+32 120
22535327 2239.804 2239.819 104.958 0.221 3.893E+32 120
22535327 2202.356 2202.369 87.210 0.139 3.235E+32 120
22535327 2231.219 2231.233 72.730 0.103 2.698E+32 120
22535327 1492.765 1492.772 71.602 0.261 2.656E+32 120
22535327 2225.594 2225.607 47.880 0.065 1.776E+32 120
22535327 2238.857 2238.865 47.704 0.105 1.770E+32 120
22535327 2221.366 2221.373 32.246 0.079 1.196E+32 120
22535327 2223.341 2223.348 28.486 0.057 1.057E+32 120
22535327 2246.034 2246.041 23.550 0.060 8.736E+31 120
22535327 2222.161 2222.165 22.454 0.074 8.329E+31 120
22535327 2250.408 2250.413 20.342 0.054 7.546E+31 120
22535327 2211.290 2211.294 20.307 0.096 7.533E+31 120
273369281 2052.026 2052.040 87.408 0.415 3.718E+32 20
273369281 2084.062 2084.081 85.779 0.183 3.648E+32 20
273369281 1331.922 1331.945 72.790 0.086 3.096E+32 120
273369281 1328.856 1328.863 36.314 0.130 1.545E+32 120
273369281 1676.218 1676.222 29.855 0.161 1.270E+32 120
273369281 2056.798 2056.810 21.605 0.034 9.189E+31 20
273369281 1334.585 1334.593 18.973 0.046 8.070E+31 120
273369281 1336.618 1336.622 17.764 0.108 7.555E+31 120
273369281 1664.479 1664.485 16.370 0.055 6.963E+31 120
273369281 2043.626 2043.632 12.420 0.042 5.283E+31 20
273369281 1342.279 1342.283 12.096 0.058 5.145E+31 120
273369281 2043.707 2043.708 5.764 0.091 2.452E+31 20
273369281 2066.084 2066.085 5.082 0.075 2.162E+31 20
273369281 2072.163 2072.164 4.631 0.068 1.970E+31 20
273369281 2081.796 2081.797 4.187 0.083 1.781E+31 20
273369281 2067.970 2067.970 3.577 0.080 1.522E+31 20
273369281 2043.931 2043.931 3.170 0.060 1.348E+31 20
273369281 2045.019 2045.019 3.030 0.053 1.289E+31 20
273369281 2037.524 2037.525 2.329 0.042 9.906E+30 20
35025268 1810.347 1810.351 20.469 0.080 7.129E+31 120
1881309133 1733.127 1733.144 117.411 0.500 5.868E+32 120
1881309133 1733.828 1733.856 80.852 0.152 4.041E+32 120
1881309133 1733.998 1734.013 41.705 0.097 2.084E+32 120
1881309133 1712.972 1712.982 24.209 0.107 1.210E+32 120
1881309133 1714.409 1714.426 17.054 0.017 8.523E+31 120
1881309133 1701.038 1701.050 13.099 0.030 6.546E+31 120
1881309133 1709.766 1709.773 12.632 0.056 6.313E+31 120
1881309133 1700.168 1700.182 12.392 0.020 6.193E+31 120
1881309133 1697.657 1697.663 12.032 0.039 6.013E+31 120
1881309133 1716.748 1716.755 10.452 0.034 5.223E+31 120
1881309133 1689.436 1689.443 9.409 0.021 4.702E+31 120
1881309133 1693.722 1693.726 8.241 0.031 4.119E+31 120
1881309133 1731.692 1731.698 7.140 0.031 3.568E+31 120
1881309133 1705.294 1705.300 6.649 0.018 3.323E+31 120
1881309133 1732.648 1732.653 5.454 0.016 2.725E+31 120
1881309133 1704.807 1704.811 5.273 0.024 2.635E+31 120
1881309133 1700.232 1700.236 4.957 0.021 2.477E+31 120
1881309133 1733.613 1733.617 4.153 0.017 2.075E+31 120
1881309133 1709.488 1709.493 4.098 0.018 2.048E+31 120
1881309133 1726.509 1726.513 3.816 0.013 1.907E+31 120
1881309133 1734.517 1734.522 3.797 0.013 1.897E+31 120
1881309133 1730.722 1730.726 2.996 0.009 1.497E+31 120
1881309133 1714.868 1714.872 2.711 0.008 1.355E+31 120
232970271 1696.219 1696.263 1858.363 1.839 6.054E+33 120
232970271 1883.945 1883.951 30.925 0.078 1.008E+32 120
232970271 1874.966 1874.972 26.773 0.064 8.723E+31 120
232970271 1918.649 1918.653 25.321 0.106 8.250E+31 120
111898820 2362.409 2362.437 236.276 0.308 9.499E+32 20
111898820 2372.712 2372.733 138.499 0.187 5.568E+32 20
111898820 2364.455 2364.472 57.821 0.065 2.325E+32 20
111898820 2372.075 2372.086 56.710 0.081 2.280E+32 20
111898820 2383.139 2383.143 31.542 0.123 1.268E+32 20
111898820 2374.543 2374.547 25.124 0.133 1.010E+32 20
111898820 2384.002 2384.007 17.248 0.075 6.934E+31 20
111898820 2376.258 2376.259 5.327 0.073 2.142E+31 20
78772202 2287.756 2287.813 2150.962 1.359 5.314E+33 120
78772202 2281.899 2281.918 595.794 1.899 1.472E+33 120
78772202 2296.550 2296.561 147.214 0.249 3.637E+32 120
78772202 2258.710 2258.715 82.449 0.255 2.037E+32 120
78772202 2262.629 2262.635 69.718 0.274 1.723E+32 120
78772202 2266.597 2266.603 40.391 0.116 9.980E+31 120
78772202 2287.700 2287.704 34.118 0.147 8.430E+31 120
71678774 2213.245 2213.250 27.262 0.107 9.903E+31 120
71678774 1484.285 1484.291 18.033 0.041 6.550E+31 120
71678774 2210.083 2210.088 10.734 0.033 3.899E+31 120
71581249 1474.139 1474.145 35.672 0.092 9.878E+31 120
71581249 1474.081 1474.103 268.092 0.389 7.424E+32 120
406479664 2147.837 2147.865 318.358 0.422 8.496E+32 120
406479664 2148.151 2148.161 71.415 0.202 1.906E+32 120
406479664 1426.999 1427.014 64.591 0.080 1.724E+32 120
406479664 1422.593 1422.597 50.197 0.197 1.340E+32 120
406479664 1430.645 1430.653 46.798 0.096 1.249E+32 120
406479664 2161.825 2161.830 29.791 0.086 7.951E+31 120
406479664 1414.379 1414.383 20.978 0.079 5.599E+31 120
394356010 1345.542 1345.678 1948.596 0.636 6.222E+33 120
394356010 1650.887 1650.919 966.404 2.003 3.086E+33 120
394356010 1629.409 1629.427 661.813 1.633 2.113E+33 120
394356010 2059.414 2059.440 411.908 0.793 1.315E+33 120
394356010 1638.184 1638.201 356.253 0.903 1.138E+33 120
394356010 1655.874 1655.908 319.048 0.218 1.019E+33 120
394356010 1675.072 1675.095 302.387 0.456 9.655E+32 120
394356010 1332.000 1332.029 266.382 0.406 8.506E+32 120
394356010 1653.943 1653.954 248.844 0.901 7.946E+32 120
394356010 2065.468 2065.480 235.701 0.568 7.526E+32 120
394356010 1677.700 1677.711 169.309 0.435 5.406E+32 120
394356010 2057.621 2057.637 145.336 0.323 4.641E+32 120
394356010 1350.886 1350.897 145.064 0.420 4.632E+32 120
394356010 1655.694 1655.703 119.617 0.407 3.819E+32 120
394356010 1666.668 1666.681 89.665 0.268 2.863E+32 120
394356010 1647.199 1647.207 67.054 0.128 2.141E+32 120
394356010 2084.508 2084.512 53.647 0.224 1.713E+32 120
394356010 2057.261 2057.268 51.051 0.157 1.630E+32 120
394356010 2076.676 2076.682 48.028 0.133 1.534E+32 120
394356010 2040.183 2040.189 44.590 0.192 1.424E+32 120
394356010 1667.403 1667.408 38.332 0.136 1.224E+32 120
394356010 1326.368 1326.372 35.344 0.162 1.129E+32 120
394356010 1648.629 1648.635 35.142 0.093 1.122E+32 120
394356010 1336.221 1336.228 34.638 0.092 1.106E+32 120
394356010 2077.478 2077.483 33.718 0.118 1.077E+32 120
394356010 2080.932 2080.936 32.100 0.138 1.025E+32 120
394356010 2079.247 2079.251 23.863 0.100 7.619E+31 120
394356010 2083.695 2083.700 18.468 0.060 5.897E+31 120
394356010 1339.993 1339.997 17.130 0.061 5.470E+31 120
394356010 2067.679 2067.683 16.858 0.057 5.383E+31 120
394356010 1332.036 1332.041 13.096 0.042 4.182E+31 120
394356010 2388.564 2388.569 29.693 0.095 9.481E+31 120
394356010 2376.098 2376.123 113.132 0.175 3.612E+32 120
394356010 2384.872 2384.902 133.323 0.093 4.257E+32 120
394356010 2383.326 2383.352 173.675 0.155 5.545E+32 120
394356010 2362.974 2363.010 349.020 0.345 1.114E+33 120
220429097 1334.067 1334.075 82.034 0.218 1.571E+32 120
220429097 1334.932 1334.939 39.269 0.074 7.521E+31 120
220429097 1378.327 1378.337 93.891 0.329 1.798E+32 120
220429097 1369.710 1369.716 24.478 0.064 4.688E+31 120
220429097 1400.576 1400.581 47.365 0.203 9.072E+31 120
220429097 1454.041 1454.045 40.506 0.186 7.758E+31 120
220429097 1439.452 1439.456 26.677 0.127 5.109E+31 120
220429097 1514.921 1514.930 126.648 0.279 2.426E+32 120
220429097 1512.690 1512.694 62.768 0.253 1.202E+32 120
220429097 1562.120 1562.130 105.721 0.216 2.025E+32 120
220429097 1661.632 1661.659 627.103 1.030 1.201E+33 120
220429097 1662.491 1662.495 46.160 0.202 8.841E+31 120
220429097 2044.844 2044.856 156.803 0.253 3.003E+32 120
220429097 2052.222 2052.227 62.580 0.245 1.199E+32 120
220429097 2062.594 2062.602 101.247 0.515 1.939E+32 120
220429097 2062.632 2062.636 28.855 0.105 5.526E+31 120
220429097 2081.082 2081.099 412.209 1.245 7.895E+32 120
220429097 2081.767 2081.781 129.158 0.255 2.474E+32 120
220429097 2084.193 2084.200 92.388 0.254 1.769E+32 120
220429097 2091.806 2091.813 43.236 0.124 8.281E+31 120
220429097 2120.866 2120.878 147.149 0.408 2.818E+32 120
220429097 2164.302 2164.315 91.344 0.118 1.749E+32 120
220429097 2154.451 2154.460 49.299 0.097 9.442E+31 120
220429097 2153.980 2153.985 38.918 0.174 7.454E+31 120
220429097 2154.424 2154.428 25.058 0.092 4.799E+31 120
220429097 2134.541 2134.545 23.227 0.074 4.449E+31 120
220429097 2189.093 2189.124 606.433 1.399 1.161E+33 120
220429097 2197.418 2197.424 29.611 0.121 5.671E+31 120
220429097 2210.685 2210.696 185.655 0.629 3.556E+32 120
220429097 2212.860 2212.867 49.847 0.140 9.547E+31 120
220429097 2314.053 2314.057 54.547 0.271 1.045E+32 120
220429097 2363.810 2363.829 244.865 0.424 4.690E+32 120
220429097 2329.591 2329.602 94.929 0.195 1.818E+32 120
220429097 2314.053 2314.057 54.547 0.271 1.045E+32 120
220429097 2337.422 2337.427 49.877 0.212 9.553E+31 120
220429097 2355.603 2355.608 48.102 0.199 9.213E+31 120
14436662 2535.779 2535.804 1055.821 1.670 2.118E+33 120
3723412 2368.587 2368.598 555.104 1.313 8.632E+32 120
441000085 1602.933 1602.937 213.499 1.078 3.438E+32 120
175241416 2515.820 2515.820 5.015 0.098 1.090E+31 20
175241416 2508.264 2508.264 5.429 0.113 1.181E+31 20
175241416 2501.870 2501.939 5331.270 7.774 1.159E+34 20
175241416 2500.902 2500.903 8.809 0.120 1.916E+31 20
175241416 2510.693 2510.699 31.449 0.117 6.839E+31 20
175241416 2516.595 2516.606 62.387 0.130 1.357E+32 20
175241416 2518.731 2518.740 78.873 0.270 1.715E+32 20
175241416 2517.934 2517.944 91.846 0.347 1.997E+32 20
175241416 2521.333 2521.347 92.281 0.146 2.007E+32 20
175241416 2517.438 2517.448 99.851 0.233 2.171E+32 20
175241416 2523.680 2523.693 131.692 0.390 2.864E+32 20
175241416 2510.975 2510.992 180.617 0.542 3.928E+32 20
175241416 2502.492 2502.505 186.225 0.611 4.050E+32 20
175241416 2520.690 2520.720 243.159 0.316 5.288E+32 20
175241416 2564.247 2564.249 31.942 0.182 6.946E+31 20
175241416 2577.902 2577.906 36.863 0.218 8.016E+31 20
175241416 2571.018 2571.026 45.122 0.092 9.812E+31 20
175241416 2557.482 2557.489 46.278 0.135 1.006E+32 20
175241416 2578.346 2578.356 57.123 0.168 1.242E+32 20
175241416 2570.273 2570.284 59.181 0.101 1.287E+32 20
175241416 2576.554 2576.567 86.253 0.269 1.876E+32 20
175241416 2570.650 2570.662 126.658 0.391 2.754E+32 20
175241416 2559.567 2559.582 148.942 0.310 3.239E+32 20
175241416 2559.755 2559.770 166.518 0.351 3.621E+32 20
175241416 2574.647 2574.671 185.463 0.362 4.033E+32 20
175241416 2561.556 2561.581 186.286 0.215 4.051E+32 20
175241416 2559.230 2559.273 284.880 0.176 6.195E+32 20
175241416 2572.497 2572.515 583.585 1.951 1.269E+33 20
203225829 2503.307 2503.309 5.780 0.062 1.195E+31 20
203225829 2510.379 2510.383 6.059 0.023 1.253E+31 20
203225829 2523.672 2523.676 12.419 0.068 2.568E+31 20
203225829 2507.962 2507.970 13.741 0.030 2.841E+31 20
203225829 2520.415 2520.419 13.958 0.090 2.886E+31 20
203225829 2509.734 2509.740 17.411 0.073 3.600E+31 20
203225829 2505.533 2505.544 28.991 0.063 5.994E+31 20
203225829 2519.345 2519.356 30.285 0.072 6.261E+31 20
203225829 2547.663 2547.663 1.759 0.033 3.636E+30 20
203225829 2534.287 2534.288 2.534 0.039 5.240E+30 20
203225829 2544.825 2544.826 2.650 0.042 5.479E+30 20
203225829 2549.406 2549.407 2.799 0.060 5.787E+30 20
203225829 2530.376 2530.376 2.878 0.052 5.949E+30 20
203225829 2543.478 2543.479 7.636 0.135 1.579E+31 20
203225829 2541.908 2541.912 9.301 0.054 1.923E+31 20
203225829 2545.457 2545.463 15.581 0.052 3.221E+31 20
203225829 2545.470 2545.478 17.859 0.063 3.692E+31 20
203225829 2529.154 2529.164 20.526 0.041 4.244E+31 20
203225829 2528.999 2529.004 21.629 0.082 4.472E+31 20
203225829 2529.435 2529.449 23.939 0.038 4.949E+31 20
203225829 2542.458 2542.465 38.921 0.230 8.047E+31 20
203225829 2571.966 2571.967 2.999 0.051 6.200E+30 20
203225829 2557.244 2557.245 3.126 0.059 6.463E+30 20
203225829 2570.537 2570.538 3.205 0.046 6.626E+30 20
203225829 2554.882 2554.886 5.176 0.016 1.070E+31 20
203225829 2562.757 2562.761 6.771 0.025 1.400E+31 20
203225829 2559.189 2559.193 7.775 0.028 1.607E+31 20
203225829 2571.330 2571.334 7.868 0.031 1.627E+31 20
203225829 2558.954 2558.958 7.895 0.027 1.632E+31 20
203225829 2560.179 2560.183 11.133 0.061 2.302E+31 20
203225829 2572.232 2572.238 14.312 0.050 2.959E+31 20
203225829 2559.318 2559.329 21.807 0.060 4.509E+31 20
203225829 2567.895 2567.908 123.176 0.510 2.547E+32 20
203225829 2557.815 2557.856 297.423 0.525 6.149E+32 20
399044334 2660.244 2660.248 63.207 0.319 1.468E+32 120
399044334 2558.453 2558.462 195.964 0.758 4.550E+32 120
16227031 2536.872 2536.873 37.575 0.585 6.156E+31 20
436924555 2519.623 2519.627 62.292 0.267 1.111E+32 120
436924555 2475.149 2475.153 85.209 0.302 1.519E+32 120
436924555 2497.474 2497.483 376.530 1.118 6.714E+32 120
436924555 2517.785 2517.795 393.879 0.944 7.023E+32 120
3664898 1875.114 1875.137 206.477 0.795 4.258E+32 120
3664898 1878.225 1878.243 77.799 0.232 1.604E+32 120
3664898 1890.519 1890.534 71.246 0.224 1.469E+32 120
3664898 1877.679 1877.687 18.642 0.062 3.844E+31 120
365006789 2545.318 2545.485 531.046 0.522 1.518E+33 20
365006789 2536.028 2536.069 91.337 0.096 2.611E+32 20
365006789 2543.276 2543.325 88.850 0.074 2.539E+32 20
365006789 2542.009 2542.034 46.832 0.106 1.339E+32 20
365006789 2535.948 2535.992 45.757 0.024 1.308E+32 20
365006789 2543.015 2543.030 27.946 0.105 7.987E+31 20
365006789 2527.083 2527.102 23.133 0.051 6.612E+31 20
365006789 2532.054 2532.068 18.140 0.042 5.185E+31 20
365006789 2544.929 2544.942 13.200 0.045 3.773E+31 20
365006789 2542.718 2542.733 8.450 0.015 2.415E+31 20
365006789 2546.290 2546.301 6.332 0.012 1.810E+31 20
365006789 2542.126 2542.134 5.459 0.014 1.560E+31 20
365006789 2541.577 2541.589 5.265 0.010 1.505E+31 20
365006789 2531.885 2531.892 4.382 0.018 1.252E+31 20
365006789 2529.253 2529.261 4.309 0.012 1.232E+31 20
365006789 2543.243 2543.248 3.715 0.018 1.062E+31 20
365006789 2535.487 2535.492 3.305 0.010 9.447E+30 20
365006789 2537.138 2537.145 3.295 0.008 9.418E+30 20
365006789 2546.977 2546.981 3.123 0.016 8.927E+30 20
365006789 2533.775 2533.781 2.947 0.008 8.422E+30 20
365006789 2539.965 2539.969 2.843 0.011 8.126E+30 20
365006789 2548.610 2548.616 2.449 0.008 7.000E+30 20
365006789 2546.425 2546.431 2.441 0.009 6.976E+30 20
365006789 2541.879 2541.883 2.207 0.007 6.308E+30 20
365006789 2541.494 2541.500 2.165 0.006 6.189E+30 20
365006789 2544.550 2544.555 2.099 0.007 5.999E+30 20
365006789 2530.362 2530.367 2.061 0.010 5.891E+30 20
365006789 2542.305 2542.309 1.985 0.008 5.674E+30 20
365006789 2561.706 2561.759 156.953 0.231 4.486E+32 20
365006789 2563.335 2563.399 108.886 0.075 3.112E+32 20
365006789 2557.291 2557.315 84.152 0.361 2.405E+32 20
365006789 2568.604 2568.629 81.458 0.138 2.328E+32 20
365006789 2574.531 2574.551 20.280 0.033 5.796E+31 20
365006789 2557.186 2557.203 18.495 0.036 5.286E+31 20
365006789 2573.447 2573.468 13.981 0.013 3.996E+31 20
365006789 2557.004 2557.019 12.693 0.019 3.628E+31 20
365006789 2568.987 2569.007 10.623 0.010 3.036E+31 20
365006789 2555.127 2555.144 8.375 0.015 2.394E+31 20
365006789 2555.241 2555.252 7.965 0.028 2.277E+31 20
365006789 2567.488 2567.497 7.720 0.018 2.206E+31 20
365006789 2576.284 2576.293 6.473 0.018 1.850E+31 20
365006789 2555.782 2555.794 5.430 0.009 1.552E+31 20
365006789 2577.398 2577.409 5.292 0.011 1.512E+31 20
365006789 2577.155 2577.163 5.268 0.012 1.506E+31 20
365006789 2558.169 2558.179 4.804 0.008 1.373E+31 20
365006789 2569.262 2569.269 4.263 0.014 1.218E+31 20
365006789 2578.644 2578.649 3.662 0.016 1.047E+31 20
365006789 2567.436 2567.444 3.474 0.009 9.928E+30 20
365006789 2556.641 2556.650 3.325 0.008 9.502E+30 20
365006789 2564.459 2564.464 2.564 0.009 7.329E+30 20
365006789 2574.149 2574.153 2.511 0.013 7.176E+30 20
365006789 2559.835 2559.839 2.483 0.013 7.096E+30 20
365006789 2556.719 2556.723 2.462 0.011 7.038E+30 20
365006789 2578.074 2578.078 2.452 0.009 7.007E+30 20
365006789 2568.087 2568.091 2.075 0.008 5.931E+30 20
69850453 2508.546 2508.565 583.047 1.778 8.197E+32 120
69850453 2481.127 2481.151 574.173 1.139 8.072E+32 120
69850453 2503.792 2503.810 450.038 1.104 6.327E+32 120
69850453 2493.878 2493.903 426.328 0.788 5.994E+32 120
69850453 2508.613 2508.642 414.712 0.422 5.831E+32 120
69850453 2521.443 2521.486 367.813 0.215 5.171E+32 120
69850453 2504.817 2504.839 313.207 0.385 4.403E+32 120
69850453 2501.523 2501.551 243.318 0.289 3.421E+32 120
69850453 2490.018 2490.029 186.130 0.650 2.617E+32 120
69850453 2489.535 2489.547 147.022 0.360 2.067E+32 120
69850453 2521.355 2521.389 127.868 0.118 1.798E+32 120
69850453 2502.957 2502.971 108.726 0.420 1.529E+32 120
69850453 2517.427 2517.444 106.087 0.281 1.492E+32 120
69850453 2501.793 2501.802 96.557 0.371 1.358E+32 120
69850453 2479.664 2479.675 95.138 0.284 1.338E+32 120
69850453 2519.109 2519.116 85.558 0.241 1.203E+32 120
69850453 2509.635 2509.643 85.252 0.270 1.199E+32 120
69850453 2491.403 2491.410 75.975 0.240 1.068E+32 120
69850453 2493.582 2493.593 65.922 0.161 9.268E+31 120
69850453 2505.718 2505.733 65.410 0.077 9.196E+31 120
69850453 2505.206 2505.211 56.150 0.283 7.894E+31 120
69850453 2476.347 2476.353 45.048 0.198 6.333E+31 120
69850453 2502.601 2502.605 40.777 0.189 5.733E+31 120
69850453 2508.122 2508.128 39.439 0.125 5.545E+31 120
69850453 2521.940 2521.944 36.234 0.138 5.094E+31 120
69850453 2495.942 2495.948 31.829 0.103 4.475E+31 120
69850453 2518.541 2518.545 31.212 0.138 4.388E+31 120
69850453 2516.652 2516.656 30.624 0.111 4.306E+31 120
69850453 2516.374 2516.380 29.390 0.103 4.132E+31 120
69850453 2485.162 2485.166 20.656 0.092 2.904E+31 120
69850453 2503.825 2503.829 20.065 0.094 2.821E+31 120
69850453 2515.730 2515.735 20.034 0.052 2.817E+31 120
69850453 2506.645 2506.649 19.139 0.101 2.691E+31 120
69850453 2517.508 2517.513 17.384 0.060 2.444E+31 120
69850453 2477.329 2477.334 14.686 0.042 2.065E+31 120
281542064 1364.066 1364.083 629.345 2.093 1.203E+33 120
281542064 2063.878 2063.889 622.385 1.221 1.190E+33 120
281542064 2079.317 2079.327 340.965 1.673 6.518E+32 120
281542064 2092.495 2092.502 216.401 0.845 4.137E+32 120
281542064 2064.086 2064.090 74.970 0.417 1.433E+32 120
301501433 2553.489 2553.549 3745.970 1.254 5.580E+33 120
308773845 2259.260 2259.273 211.152 0.365 3.541E+32 120
366567664 1509.276 1509.280 199.816 1.093 2.348E+32 120
366567664 2536.282 2536.343 7922.281 10.101 9.309E+33 120
366567664 2249.316 2249.355 1533.512 2.237 1.802E+33 120
366567664 2239.858 2239.911 950.167 0.319 1.116E+33 120
366567664 2577.593 2577.606 411.861 1.463 4.839E+32 120
366567664 2529.178 2529.184 174.376 0.822 2.049E+32 120
366567664 2528.500 2528.505 173.388 0.666 2.037E+32 120
366567664 2515.869 2515.874 161.104 0.645 1.893E+32 120
366567664 1501.862 1501.867 139.588 0.831 1.640E+32 120
366567664 2553.943 2553.947 121.350 0.431 1.426E+32 120
366567664 1497.586 1497.590 116.380 0.645 1.367E+32 120
366567664 2564.008 2564.012 74.965 0.441 8.808E+31 120
366567664 2523.899 2523.906 66.201 0.123 7.778E+31 120
257870150 2494.050 2494.065 17.017 0.028 3.769E+31 120
257870150 2479.435 2479.444 16.281 0.080 3.606E+31 120
13270128 1810.741 1810.747 177.687 0.527 3.404E+32 120
13270128 1795.900 1795.905 103.254 0.435 1.978E+32 120
461654150 1862.626 1862.671 747.625 0.265 8.814E+32 120
461654150 1846.105 1846.127 605.184 0.685 7.135E+32 120
461654150 1860.975 1860.987 342.699 0.655 4.040E+32 120
461654150 1854.252 1854.265 243.021 0.397 2.865E+32 120
461654150 1868.344 1868.351 174.970 0.531 2.063E+32 120
230741378 2433.885 2433.889 92.400 0.417 2.117E+32 120
60987924 2498.163 2498.176 193.866 0.539 4.674E+32 120
60987924 2475.173 2475.193 165.369 0.215 3.987E+32 120
60987924 2453.272 2453.277 65.220 0.341 1.572E+32 120
60987924 2469.616 2469.620 45.271 0.235 1.092E+32 120
60987924 2482.967 2482.972 40.080 0.105 9.663E+31 120
60987924 2463.764 2463.768 37.588 0.138 9.063E+31 120
90452897 2305.139 2305.163 1244.796 3.270 2.207E+33 120
90452897 2278.571 2278.603 872.621 1.206 1.547E+33 120
90452897 2299.731 2299.754 678.291 1.219 1.203E+33 120
90452897 2276.510 2276.542 538.894 0.708 9.554E+32 120
90452897 2290.434 2290.453 420.098 0.643 7.448E+32 120
90452897 2264.575 2264.591 256.831 0.619 4.554E+32 120
90452897 2284.839 2284.849 192.631 0.507 3.415E+32 120
90452897 2256.615 2256.627 181.727 0.440 3.222E+32 120
90452897 2297.536 2297.540 75.324 0.285 1.335E+32 120
90452897 2287.632 2287.636 69.936 0.259 1.240E+32 120
287840802 2185.356 2185.365 356.523 0.862 7.980E+32 120
270470901 1524.776 1524.866 2006.078 0.399 4.158E+33 120
270470901 2250.255 2250.259 69.942 0.386 1.450E+32 120
270470901 2252.812 2252.831 503.636 1.281 1.044E+33 120
201688405 1681.909 1681.920 316.131 1.131 7.548E+32 120
201688405 1670.699 1670.707 167.466 0.537 3.998E+32 120
201688405 2043.466 2043.470 69.186 0.264 1.652E+32 120
201688405 2040.527 2040.532 56.210 0.214 1.342E+32 120
125835702 1604.250 1604.261 137.071 0.192 2.943E+32 120
125835702 2334.588 2334.610 853.825 2.188 1.833E+33 20
125835702 2334.523 2334.534 280.703 1.066 6.026E+32 20
125835702 2351.251 2351.262 125.697 0.210 2.699E+32 20
365064283 2561.048 2561.059 319.507 0.846 5.747E+32 120
1042982 1897.340 1897.409 5774.668 5.186 1.018E+34 120
1042982 1883.340 1883.345 77.484 0.232 1.365E+32 120
1042982 2621.405 2621.424 251.983 0.448 4.440E+32 120
1042982 2629.305 2629.317 137.773 0.243 2.428E+32 120
1042982 2612.895 2612.901 85.388 0.258 1.505E+32 120
44568897 2290.998 2291.003 25.145 0.074 6.213E+31 20
237091400 1960.355 1960.362 30.604 0.062 5.040E+31 120
201467079 2212.129 2212.136 54.944 0.238 1.639E+32 120
201467079 2222.908 2222.912 33.905 0.163 1.012E+32 120
201467079 2222.976 2222.982 31.957 0.084 9.534E+31 120
201467079 2220.464 2220.468 15.763 0.049 4.703E+31 120
201467079 2218.268 2218.272 14.696 0.047 4.384E+31 120
201467079 2227.257 2227.261 12.491 0.037 3.727E+31 120
121204333 2251.528 2251.538 93.433 0.271 2.067E+32 120
121204333 2244.881 2244.885 45.945 0.251 1.016E+32 120
30101427 1617.534 1617.538 18.151 0.071 4.590E+31 120
30101427 2323.760 2323.765 32.544 0.164 8.230E+31 20
270218775 2105.520 2105.557 279.537 0.127 6.751E+32 120
298907057 1452.854 1452.922 5474.012 12.457 7.103E+33 120
298907057 1451.588 1451.634 1125.955 0.885 1.461E+33 120
298907057 1458.858 1458.884 572.330 1.417 7.426E+32 120
298907057 1442.212 1442.242 378.219 0.422 4.907E+32 120
298907057 1446.245 1446.258 238.394 1.199 3.093E+32 120
298907057 1458.544 1458.552 74.704 0.229 9.693E+31 120
298907057 1447.141 1447.148 74.382 0.316 9.651E+31 120
298907057 1455.372 1455.387 54.120 0.049 7.022E+31 120
298907057 1438.655 1438.660 40.776 0.172 5.291E+31 120
298907057 1456.583 1456.587 30.438 0.107 3.949E+31 120
298907057 1440.915 1440.919 17.868 0.070 2.318E+31 120
298907057 2181.587 2181.616 298.185 0.990 3.869E+32 120
298907057 2179.581 2179.606 272.271 0.598 3.533E+32 120
298907057 2192.725 2192.745 191.344 0.281 2.483E+32 120
298907057 2180.016 2180.030 140.552 0.302 1.824E+32 120
298907057 2192.321 2192.331 75.047 0.254 9.737E+31 120
298907057 2175.041 2175.055 59.992 0.088 7.784E+31 120
298907057 2195.310 2195.316 56.313 0.204 7.307E+31 120
298907057 2175.124 2175.135 47.762 0.096 6.197E+31 120
298907057 2192.560 2192.566 36.817 0.175 4.777E+31 120
298907057 2193.282 2193.286 25.906 0.114 3.361E+31 120
298907057 2191.966 2191.971 17.241 0.048 2.237E+31 120
298907057 2196.389 2196.393 13.875 0.045 1.800E+31 120
298907057 2175.175 2175.180 9.977 0.028 1.295E+31 120
293520468 2257.057 2257.070 160.592 0.635 3.862E+32 20
320524973 2632.031 2632.049 425.024 1.003 6.697E+32 120
320524973 2749.128 2749.143 338.272 0.570 5.330E+32 120
320524973 2768.814 2768.821 122.611 0.589 1.932E+32 120
320524973 2675.949 2675.954 69.695 0.242 1.098E+32 120
320524973 2641.110 2641.115 53.627 0.189 8.450E+31 120
320524973 2583.797 2583.803 43.112 0.105 6.793E+31 120
22913463 2335.776 2335.783 78.003 0.253 1.131E+32 120
380544811 2570.135 2570.139 141.139 0.537 1.341E+32 120
5630425 2288.852 2288.856 15.575 0.046 2.187E+31 120
161662947 1972.584 1972.612 1257.344 2.051 1.547E+33 120
142944290 1414.170 1414.183 61.722 0.118 7.126E+31 120
336209523 2023.190 2023.233 2267.915 2.657 2.497E+33 120
336209523 2404.067 2404.079 325.218 1.006 3.581E+32 120
336209523 2439.266 2439.271 189.607 0.719 2.088E+32 120
336209523 2412.763 2412.767 122.642 0.726 1.350E+32 120
198555502 2416.018 2416.040 1118.783 2.163 8.820E+32 120
70555405 2115.919 2115.923 40.628 0.161 4.815E+31 120
70555405 2121.454 2121.459 39.244 0.116 4.651E+31 120
304392811 1379.626 1379.634 69.585 0.175 7.678E+31 120
154383758 1742.810 1742.817 53.020 0.219 7.739E+31 120
180724005 1365.208 1365.225 390.421 0.882 4.821E+32 120
180724005 1389.274 1389.282 65.975 0.202 8.147E+31 120
180724005 1399.936 1399.944 62.961 0.160 7.775E+31 120
180724005 1400.905 1400.911 31.501 0.129 3.890E+31 120
180724005 1393.388 1393.392 22.957 0.077 2.835E+31 120
180724005 2108.180 2108.189 85.743 0.284 1.059E+32 120
180724005 2092.541 2092.550 83.686 0.271 1.033E+32 120
180724005 2092.655 2092.661 17.124 0.041 2.115E+31 120
180724005 2092.709 2092.713 13.523 0.042 1.670E+31 120
377040202 2561.821 2561.856 1043.410 0.511 5.802E+32 120
377040202 2534.867 2534.885 560.284 0.489 3.116E+32 120
364981864 2571.629 2571.639 379.997 1.749 1.997E+32 120
902237947 2283.502 2283.527 1870.638 1.953 1.090E+33 120
902237947 2298.611 2298.620 961.241 4.646 5.600E+32 120
17992447 2630.758 2630.763 199.848 0.589 8.768E+31 120
17992447 2619.999 2620.003 365.029 1.789 1.602E+32 120
17992447 2630.054 2630.072 1200.198 1.597 5.266E+32 120
334937178 2305.620 2305.690 3918.196 1.033 1.591E+33 120
427580418 2469.510 2469.514 75.560 0.214 1.012E+32 120
307956653 1715.635 1715.788 9569.386 3.339 5.043E+33 120
307956653 2403.362 2403.381 1829.816 7.589 9.642E+32 120
307956653 2695.339 2695.365 1684.308 3.822 8.875E+32 120
307956653 2763.512 2763.520 698.747 3.156 3.682E+32 120
307956653 2646.398 2646.418 635.158 1.494 3.347E+32 120
307956653 1693.094 1693.101 565.510 2.206 2.980E+32 120
307956653 2590.291 2590.304 353.190 0.655 1.861E+32 120
307956653 2711.884 2711.893 331.133 1.218 1.745E+32 120
307956653 1712.460 1712.467 283.330 0.999 1.493E+32 120
307956653 2723.164 2723.169 270.192 1.196 1.424E+32 120
307956653 2671.361 2671.372 255.209 0.929 1.345E+32 120
307956653 2426.726 2426.737 249.758 0.440 1.316E+32 120
307956653 1837.580 1837.584 247.341 1.406 1.303E+32 120
307956653 2628.964 2628.975 243.973 0.558 1.286E+32 120
307956653 2677.736 2677.746 217.632 0.916 1.147E+32 120
307956653 1833.343 1833.348 146.362 0.526 7.713E+31 120
307956653 1834.083 1834.088 144.060 0.463 7.591E+31 120
307956653 2657.537 2657.544 140.263 0.426 7.391E+31 120
307956653 2620.241 2620.248 119.951 0.386 6.321E+31 120
307956653 2439.046 2439.050 111.665 0.526 5.884E+31 120
248223026 1615.870 1615.877 71.836 0.318 5.262E+31 120
248223026 2326.970 2326.983 95.664 0.131 7.008E+31 120
248223026 1573.208 1573.219 118.158 0.383 8.656E+31 120
248223026 1577.914 1577.942 537.340 0.982 3.936E+32 120
248223026 1586.002 1586.039 655.013 0.798 4.798E+32 120
248223026 1590.250 1590.350 8798.602 15.499 6.446E+33 120
159508739 1988.350 1988.357 1162.022 3.764 4.401E+32 120
159508739 2013.379 2013.384 821.279 3.714 3.111E+32 120
159508739 2007.350 2007.354 534.578 2.120 2.025E+32 120
321695100 2001.462 2001.495 9346.531 14.016 2.597E+33 120
321695100 1987.975 1987.982 305.415 0.980 8.485E+31 120
321695100 2031.607 2031.611 227.592 0.782 6.323E+31 120
321695100 2006.281 2006.287 132.659 0.397 3.685E+31 120
321695100 1991.609 1991.613 111.370 0.455 3.094E+31 120
318801864 1493.731 1493.738 64.748 0.199 nan 120
161640200 2671.301 2671.343 6336.029 7.212 1.457E+33 120
7975441 1527.697 1527.714 276.741 0.387 9.314E+31 120
7975441 1537.934 1537.938 73.053 0.315 2.459E+31 120
7975441 1524.344 1524.351 67.016 0.209 2.255E+31 120
7975441 1535.059 1535.063 28.973 0.094 9.751E+30 120
7975441 2248.233 2248.248 710.951 3.402 2.393E+32 20
7975441 2247.403 2247.416 405.242 1.287 1.364E+32 20
7975441 2247.931 2247.942 210.406 0.731 7.081E+31 20
7975441 2249.154 2249.165 174.190 0.441 5.862E+31 20
7975441 2251.241 2251.248 111.593 0.554 3.756E+31 20
7975441 2229.713 2229.718 45.532 0.183 1.532E+31 20
7975441 2251.646 2251.647 19.327 0.265 6.504E+30 20
7975441 2236.358 2236.359 11.991 0.257 4.036E+30 20
121013320 2424.431 2424.437 808.718 3.765 1.742E+32 120
356700988 2413.132 2413.146 1732.144 5.770 3.305E+32 120

